0.50523	line			cord		11646	192		0	0.00000
0.55294	line			queue		11646	101		2	6.32795
0.72120	line			text		11646	2229	0	0.00000
0.56393	car				automobile	12908	398		0	0.00000
0.24170	swedish			finnish		874		226		0	0.00000
0.61277	scientific		interest	1548	8563	2	2.83362
0.46515	abdullah		shah		339		346		0	0.00000
0.77046	baseball		football	1676	6920	0	0.00000
0.70642	baseball		soccer		1676	1289	0	0.00000
0.77652	clinton			bush		5998	4442	10	4.14838
0.64525	clinton			gore		5998	406		0	0.00000
1.00000	clinton			clinton		5998	5998	0	0.00000
0.90664	russia			germany		4156	4607	4	3.30312
0.87107	russia			mexico		4156	4671	2	2.28321
0.87107	mexico			russia		4671	4156	0	0.00000
0.01492	duluth			minnesota	196		1843	0	0.00000
0.00988	duluth			fargo		196		472		0	0.00000
0.00485	duluth			paris		196		3120	0	0.00000
0.45947	woman			homemaker	11432	63		3	7.62060
0.51641	man				homemaker	24662	63		0	0.00000
0.48749	woman			surgeon		11432	657		0	0.00000
0.56912	man				surgeon		24662	657		0	0.00000
0.59705	boy				brave		3376	474		0	0.00000
0.51854	girl			brave		5805	474		0	0.00000
0.60174	king			queen		6014	1327	20	6.88758
0.70043	king			man			6014	24662	2	-0.65040
0.55625	king			woman		6014	11432	0	0.00000
0.51984	queen			man			1327	24662	0	0.00000
0.40212	queen			woman		1327	11432	0	0.00000
-9999	babbage			lovelace	0		8		0	0.00000
0.81236	strong			winner		8121	3493	0	0.00000
0.04416	darwin			smart		170		2295	0	0.00000
0.55283	disappointing	food		753		12853	0	0.00000
0.20919	random			machete		718		104		0	0.00000
0.45807	mustache		attractive	87		788		0	0.00000
0.48541	florida			crazy		6018	1365	0	0.00000
0.50586	president		awful		43336	441		0	0.00000
0.39093	computer		broken		5889	3315	0	0.00000
0.66089	water			drown		12480	51		0	0.00000
0.59471	dog				sad			2893	1347	0	0.00000
