0.09056	line			cord		11646	192		0	0.00000
0.36426	line			queue		11646	101		0	0.00000
0.25266	line			text		11646	2229	0	0.00000
0.24921	car				automobile	12908	398		0	0.00000
0.06108	swedish			finnish		874		226		0	0.00000
0.02517	scientific		interest	1548	8563	8	4.83362
0.20873	abdullah		shah		339		346		4	10.65394
0.49507	baseball		football	1676	6920	0	0.00000
0.60914	baseball		soccer		1676	1289	0	0.00000
0.61854	clinton			bush		5998	4442	2	1.82645
0.50449	clinton			gore		5998	406		0	0.00000
1.00000	clinton			clinton		5998	5998	0	0.00000
0.85003	russia			germany		4156	4607	0	0.00000
0.66208	russia			mexico		4156	4671	0	0.00000
0.66208	mexico			russia		4671	4156	0	0.00000
0.00781	duluth			minnesota	196		1843	0	0.00000
0.00000	duluth			fargo		196		472		0	0.00000
0.00000	duluth			paris		196		3120	0	0.00000
0.45325	woman			homemaker	11432	63		0	0.00000
0.54862	man				homemaker	24662	63		0	0.00000
0.17239	woman			surgeon		11432	657		0	0.00000
0.20153	man				surgeon		24662	657		0	0.00000
0.22581	boy				brave		3376	474		0	0.00000
0.24235	girl			brave		5805	474		0	0.00000
0.54150	king			queen		6014	1327	0	0.00000
0.18199	king			man			6014	24662	0	0.00000
0.11291	king			woman		6014	11432	0	0.00000
0.16471	queen			man			1327	24662	0	0.00000
0.09084	queen			woman		1327	11432	0	0.00000
-9999	babbage			lovelace	0		8		0	0.00000
0.21542	strong			winner		8121	3493	0	0.00000
0.00870	darwin			smart		170		2295	0	0.00000
0.10731	disappointing	food		753		12853	0	0.00000
0.14755	random			machete		718		104		0	0.00000
0.15083	mustache		attractive	87		788		0	0.00000
0.12134	florida			crazy		6018	1365	0	0.00000
0.02203	president		awful		43336	441		0	0.00000
0.13203	computer		broken		5889	3315	0	0.00000
0.36768	water			drown		12480	51		0	0.00000
0.34408	dog				sad			2893	1347	0	0.00000
